38.0 0.622569 0.601958 0.054861 0.030298
21.0 0.583681 0.650128 0.249306 0.226043
20.0 0.575694 0.647405 0.247222 0.238979
2.0 0.141667 0.620681 0.255556 0.090893
2.0 0.828125 0.577787 0.260417 0.073191
2.0 0.118750 0.530298 0.201389 0.098723
2.0 0.487500 0.496595 0.218056 0.072170
2.0 0.781944 0.503234 0.256944 0.074553
12.0 0.125000 0.397021 0.200000 0.082723
12.0 0.396875 0.399064 0.254861 0.090213
12.0 0.748264 0.411830 0.295139 0.098723
42.0 0.141667 0.257106 0.227778 0.094298
42.0 0.859028 0.274638 0.177778 0.112340
42.0 0.409375 0.260681 0.229861 0.100085
42.0 0.641667 0.272255 0.168056 0.115745
0.0 0.484028 0.450128 0.934722 0.230468
