2.0 0.750694 0.722979 0.375000 0.102128
2.0 0.230556 0.723319 0.408333 0.083064
2.0 0.225694 0.612170 0.412500 0.106553
2.0 0.794097 0.577106 0.328472 0.092936
2.0 0.241319 0.500851 0.470139 0.090893
2.0 0.707292 0.472936 0.389583 0.094298
10.0 0.570139 0.345787 0.348611 0.102809
10.0 0.177431 0.366894 0.332639 0.123234
12.0 0.864236 0.288085 0.271528 0.082043
12.0 0.138889 0.271404 0.209722 0.058894
12.0 0.505556 0.272085 0.379167 0.056170
42.0 0.188194 0.219660 0.247222 0.043234
42.0 0.473958 0.220340 0.263194 0.045957
42.0 0.797917 0.222213 0.312500 0.049702
0.0 0.478472 0.370298 0.901389 0.306383
