31.0 0.495486 0.666808 0.402083 0.184511
37.0 0.489931 0.672255 0.327083 0.187915
2.0 0.131944 0.552085 0.243056 0.102128
2.0 0.086458 0.424936 0.154861 0.097702
2.0 0.295139 0.433447 0.198611 0.112000
2.0 0.805208 0.543404 0.364583 0.103830
2.0 0.771875 0.432255 0.390972 0.085106
2.0 0.312847 0.378128 0.297917 0.056511
2.0 0.762153 0.362808 0.322917 0.050383
42.0 0.137500 0.241277 0.201389 0.065362
42.0 0.390278 0.228510 0.212500 0.058213
42.0 0.661111 0.227830 0.206944 0.051404
42.0 0.888194 0.232425 0.148611 0.057191
11.0 0.312847 0.322468 0.263194 0.053447
11.0 0.584722 0.302213 0.209722 0.051064
0.0 0.376736 0.396000 0.709028 0.181447
