26.0 0.081597 0.172340 0.099306 0.055319
26.0 0.203472 0.177926 0.104167 0.050532
25.0 0.916667 0.195213 0.158333 0.121276
38.0 0.500694 0.570213 0.055556 0.042554
23.0 0.509375 0.586968 0.113194 0.086702
30.0 0.519444 0.608511 0.161111 0.123404
31.0 0.497222 0.609575 0.193056 0.147873
33.0 0.487500 0.623937 0.181944 0.139361
7.0 0.133333 0.448404 0.131944 0.101063
7.0 0.188194 0.612766 0.222222 0.170213
7.0 0.856250 0.485107 0.095833 0.073404
24.0 0.507639 0.620212 0.276389 0.211702
0.0 0.490278 0.469947 0.900000 0.147340
19.0 0.515972 0.594947 0.087500 0.125000
