31.0 0.500545 0.573795 0.172511 0.147590
32.0 0.493609 0.569277 0.186381 0.162651
14.0 0.496644 0.562500 0.176845 0.161145
13.0 0.486674 0.573042 0.215855 0.203313
11.0 0.114346 0.513554 0.088423 0.207831
11.0 0.808724 0.556476 0.161241 0.103916
44.0 0.220539 0.439759 0.182914 0.120482
44.0 0.402153 0.445030 0.152572 0.125000
44.0 0.164192 0.297440 0.162108 0.128012
44.0 0.363576 0.298946 0.207186 0.121988
44.0 0.165059 0.164910 0.156907 0.125000
44.0 0.353607 0.157380 0.199384 0.109940
44.0 0.560793 0.340361 0.062416 0.081325
44.0 0.701663 0.375000 0.144770 0.141566
44.0 0.639247 0.179970 0.130900 0.161145
44.0 0.818259 0.195030 0.135235 0.179217
44.0 0.855102 0.378765 0.122231 0.143072
3.0 0.182830 0.840361 0.201118 0.144578
3.0 0.458067 0.855422 0.255732 0.186747
3.0 0.761045 0.851657 0.306879 0.170181
3.0 0.766679 0.687500 0.295609 0.131024
3.0 0.246113 0.692771 0.261800 0.126506
0.0 0.483207 0.438253 0.690910 0.605422
13.0 0.493609 0.545181 0.181180 0.186747
