38.0 0.600000 0.456426 0.137500 0.050383
21.0 0.668750 0.518893 0.488889 0.231830
2.0 0.239931 0.726383 0.406250 0.119149
2.0 0.718056 0.714127 0.483333 0.121192
2.0 0.221875 0.551915 0.436806 0.131745
2.0 0.201736 0.464425 0.356250 0.088851
2.0 0.921528 0.486383 0.154167 0.105532
10.0 0.179167 0.360766 0.313889 0.118468
10.0 0.710069 0.338468 0.429861 0.119489
42.0 0.103472 0.245872 0.176389 0.074553
42.0 0.328472 0.235660 0.209722 0.060936
42.0 0.598611 0.217957 0.273611 0.038468
0.0 0.478819 0.344425 0.950694 0.157958
20.0 0.669792 0.522128 0.545139 0.231489
