26.0 0.079514 0.172074 0.102083 0.062234
26.0 0.203125 0.177660 0.104861 0.056383
25.0 0.915278 0.195745 0.125000 0.117021
28.0 0.504167 0.301330 0.472222 0.136702
23.0 0.343750 0.615958 0.202778 0.142553
23.0 0.572569 0.556383 0.156250 0.117021
31.0 0.464236 0.576596 0.443750 0.417021
33.0 0.364583 0.627660 0.193056 0.353191
33.0 0.581944 0.549202 0.190278 0.355851
30.0 0.436806 0.586702 0.488889 0.429787
8.0 0.087847 0.350798 0.127083 0.119681
8.0 0.860069 0.461436 0.209028 0.115425
8.0 0.424306 0.175000 0.166667 0.080851
8.0 0.651042 0.179255 0.190972 0.084042
7.0 0.089583 0.664361 0.131944 0.205319
7.0 0.859722 0.687500 0.194444 0.234574
0.0 0.146181 0.374468 0.259028 0.264893
19.0 0.445486 0.600000 0.370139 0.144681
24.0 0.449306 0.612766 0.466667 0.414894
