7.0 0.421670 0.451858 0.083490 0.099158
7.0 0.652439 0.449343 0.079737 0.112810
7.0 0.744371 0.445032 0.060976 0.114247
8.0 0.133677 0.722387 0.207317 0.186100
8.0 0.122420 0.576524 0.203565 0.075446
8.0 0.340525 0.749691 0.174484 0.177478
8.0 0.332552 0.594846 0.171670 0.091972
8.0 0.886023 0.589098 0.194184 0.112091
11.0 0.090994 0.426350 0.148218 0.089817
11.0 0.898687 0.354856 0.200750 0.041675
42.0 0.079268 0.200012 0.119137 0.124306
42.0 0.236867 0.198216 0.134146 0.107780
42.0 0.410882 0.198216 0.151970 0.119276
42.0 0.594278 0.194263 0.149156 0.119995
42.0 0.772983 0.190671 0.140713 0.117121
42.0 0.929174 0.190312 0.115385 0.117839
42.0 0.095216 0.305996 0.139775 0.064668
42.0 0.242964 0.324318 0.129456 0.108499
42.0 0.395872 0.328989 0.125704 0.102032
42.0 0.545028 0.328270 0.131332 0.099158
42.0 0.696060 0.308870 0.131332 0.089098
0.0 0.477017 0.405513 0.931520 0.440462
