2.0 0.135764 0.409107 0.221528 0.089873
2.0 0.402778 0.413872 0.234722 0.102809
2.0 0.755208 0.384255 0.409028 0.070127
2.0 0.590972 0.601277 0.248611 0.128340
2.0 0.311806 0.775745 0.248611 0.046298
2.0 0.588889 0.755830 0.247222 0.087489
2.0 0.862847 0.729958 0.225694 0.113362
10.0 0.145486 0.327064 0.228472 0.055149
10.0 0.423611 0.322298 0.273611 0.052426
10.0 0.719097 0.324340 0.267361 0.055149
12.0 0.859375 0.293362 0.218750 0.046298
12.0 0.130903 0.300170 0.193750 0.049702
12.0 0.410069 0.298638 0.164583 0.039830
11.0 0.134722 0.597191 0.212500 0.126298
11.0 0.362847 0.578468 0.192361 0.098383
11.0 0.860069 0.510553 0.246528 0.117106
42.0 0.177083 0.234298 0.187500 0.058213
42.0 0.419444 0.234638 0.230556 0.057532
42.0 0.730208 0.237702 0.331250 0.060936
0.0 0.494444 0.418298 0.866667 0.355404
