22.0 0.236458 0.610298 0.182639 0.102809
22.0 0.488194 0.593276 0.197222 0.136851
2.0 0.203472 0.729958 0.312500 0.097702
2.0 0.577431 0.733192 0.290972 0.104170
2.0 0.868750 0.731149 0.229167 0.104170
2.0 0.797917 0.568936 0.336111 0.089532
2.0 0.805208 0.509702 0.324306 0.036425
2.0 0.075000 0.620681 0.113889 0.094979
10.0 0.220486 0.371149 0.338194 0.099064
10.0 0.604514 0.399745 0.293750 0.094298
10.0 0.170139 0.481107 0.272222 0.073873
12.0 0.201736 0.278553 0.292361 0.077277
12.0 0.518056 0.284681 0.241667 0.090893
12.0 0.825347 0.294383 0.271528 0.086468
0.0 0.489583 0.428170 0.937500 0.204936
20.0 0.374653 0.597702 0.481250 0.139575
